FRAME Juventus 3D                      : NODES, ELEMENTS, MATERIALS, SECTIONS
53 165 3 3
COORDINATE DEI NODI                    : ABSCISSA (X), ORDINATE (Y), (Z)
125.0 2.65 8.0
121.0 2.65 8.0
121.0 2.984 6.993
121.0 2.316 6.993
116.0 2.65 8.0
116.0 3.368 5.833
116.0 1.932 5.833
107.5 2.650 8.0
107.5 3.938 4.11
107.5 1.362 4.11
102.5 2.65 8.0
97.5 2.65 8.0
97.5 4.479 2.478
97.5 0.821 2.478
92.5 2.65 8.0
87.5 2.65 8.0
87.5 4.882 1.261
87.5 0.418 1.261
82.5 2.65 8.0
77.5 2.65 8.0
77.5 5.150 0.453
77.5 0.150 0.453
72.5 2.65 8.0
67.5 2.65 8.0
67.5 5.283 0.050
67.5 0.017 0.050
62.5 2.65 8.0
57.5 2.65 8.0
57.5 5.283 0.050
57.5 0.017 0.050
52.5 2.65 8.0
47.5 2.65 8.0
47.5 5.150 0.453
47.5 0.150 0.453
42.5 2.65 8.0
37.5 2.65 8.0
37.5 4.882 1.261
37.5 0.418 1.261
32.5 2.65 8.0
27.5 2.65 8.0
27.5 4.479 2.478
27.5 0.821 2.478
22.5 2.650 8.0
17.5 2.650 8.0
17.5 3.938 4.11
17.5 1.362 4.11
9.0 2.65 8.0
9.0 3.368 5.833
9.0 1.932 5.833
4.0 2.65 8.0
4.0 2.984 6.993
4.0 2.316 6.993
0.0 2.65 8.0
CONNECTIVITY DATA                      : NODE1, NODE2, NUM. MAT., NUM. SEZ.
0 1 0 0
0 2 1 1
0 3 1 1
1 2 2 2
1 3 2 2
2 3 2 2
1 4 0 0
2 5 1 1
3 6 1 1
2 4 2 2
3 4 2 2
2 6 2 2
3 5 2 2
4 7 0 0
5 8 1 1
6 9 1 1
4 8 2 2
4 9 2 2
7 8 2 2
7 9 2 2
8 9 2 2
5 9 2 2
6 8 2 2
7 10 0 0
10 11 0 0
8 12 1 1
9 13 1 1
8 13 2 2
9 12 2 2
10 8 2 2
10 9 2 2
10 12 2 2
10 13 2 2
11 12 2 2
11 13 2 2
12 13 2 2
11 14 0 0
14 15 0 0
12 16 1 1
13 17 1 1
12 17 2 2
13 16 2 2
12 14 2 2
13 14 2 2
16 14 2 2
17 14 2 2
15 16 2 2
15 17 2 2
16 17 2 2
15 18 0 0
18 19 0 0
16 20 1 1
17 21 1 1
16 21 2 2
17 20 2 2
16 18 2 2
17 18 2 2
20 18 2 2
17 18 2 2
20 18 2 2
21 18 2 2
19 20 2 2
19 21 2 2
20 21 2 2
19 22 0 0
22 23 0 0
20 24 1 1
21 25 1 1
20 25 2 2
21 24 2 2
20 22 2 2
21 22 2 2
22 24 2 2
22 25 2 2
23 24 2 2
23 25 2 2
24 25 2 2
23 26 0 0
26 27 0 0
24 28 1 1
25 29 1 1
24 26 2 2
25 26 2 2
28 26 2 2
29 26 2 2
29 24 2 2
28 25 2 2
27 28 2 2
27 29 2 2
28 29 2 2
27 30 0 0
30 31 0 0
28 30 2 2
29 30 2 2
32 30 2 2
33 30 2 2
28 32 1 1
29 33 1 1
28 33 2 2
29 32 2 2
31 32 2 2
31 33 2 2
32 33 2 2
31 34 0 0
34 35 0 0
32 36 1 1
33 37 1 1
32 37 2 2
33 36 2 2
32 34 2 2
33 34 2 2
34 36 2 2
34 37 2 2
35 36 2 2
35 37 2 2
36 37 2 2
35 38 0 0
38 39 0 0
36 40 1 1
37 41 1 1
36 38 2 2
37 38 2 2
40 38 2 2
41 38 2 2
36 41 2 2
37 40 2 2
39 40 2 2
40 41 2 2
39 41 2 2
39 42 0 0
42 43 0 0
40 44 1 1
41 45 1 1
40 45 2 2
41 44 2 2
40 42 2 2
41 42 2 2
42 44 2 2
42 45 2 2
43 44 2 2
43 45 2 2
44 45 2 2
43 46 0 0
44 47 1 1
45 48 1 1
44 48 2 2
45 47 2 2
44 46 2 2
45 46 2 2
46 47 2 2
46 48 2 2
47 48 2 2
46 49 0 0
47 50 1 1
48 51 1 1
47 51 2 2
48 50 2 2
46 50 2 2
46 51 2 2
49 50 2 2
49 51 2 2
50 51 2 2
49 52 0 0
50 52 1 1
51 52 1 1
MATERIALS CHARACTERISTICS              : MODULUS E, POISSON, ALFA, DENSITY
210000000000 0.3 0 7850
210000000000 0.3 0 7850
210000000000 0.3 0 7850
CHARACTERISTICS OF THE SECTIONS        : AREA, AREA_Y, AREA_Z, INERTIA, INERTIA_Y, INERTIA_Z, SHEAR FACTOR, DEEP, J A FAIRE! 0.063175 0.004927 0.6 0.645 // 0.063175 0.004927 0.6 0.645 // 0.0129 0.00010707 0.6 0.273
0.063175 0.041407 0.020229 0.004927 0.0038175 0.0015671 0.8 0.645 1
0.063175 0.041407 0.020229 0.004927 0.0038175 0.0015671 0.8 0.645 1
0.0129 0.00862 0.00862 0.00010707 0.00010707 0.00010707 0.8 0.273 1
RESTRAINTS                             : (NUMBER), NODE, DIRECTION
247
0 0
0 1
0 2
0 3
0 4
1 2
1 3
1 4
2 2
2 3
2 4
3 2
3 3
3 4
4 2
4 3
4 4
5 2
5 3
5 4
6 2
6 3
6 4
7 2
7 3
7 4
8 2
8 3
8 4
9 2
9 3
9 4
10 2
10 3
10 4
11 2
11 3
11 4
12 2
12 3
12 4
13 2
13 3
13 4
14 2
14 3
14 4
15 2
15 3
15 4
16 2
16 3
16 4
17 2
17 3
17 4
18 2
18 3
18 4
19 2
19 3
19 4
20 2
20 3
20 4
21 2
21 3
21 4
22 2
22 3
22 4
23 2
23 3
23 4
24 2
24 3
24 4
25 2
25 3
25 4
26 2
26 3
26 4
27 2
27 3
27 4
28 2
28 3
28 4
29 2
29 3
29 4
30 2
30 3
30 4
31 2
31 3
31 4
32 2
32 3
32 4
33 2
33 3
33 4
34 2
34 3
34 4
35 2
35 3
35 4
36 2
36 3
36 4
37 2
37 3
37 4
38 2
38 3
38 4
39 2
39 3
39 4
40 2
40 3
40 4
41 2
41 3
41 4
42 2
42 3
42 4
43 2
43 3
43 4
44 2
44 3
44 4
45 2
45 3
45 4
46 2
46 3
46 4
47 2
47 3
47 4
48 2
48 3
48 4
49 2
49 3
49 4
50 2
50 3
50 4
51 2
51 3
51 4
52 0
52 1
52 2
52 3
52 4
2 6
  1 0
2 6
  1 1
2 6
  1 5
3 6
  1 0
3 6
  1 1
3 6
  1 5
5 6
  4 0
5 6
  4 1
5 6
  4 5
6 6
  4 0
6 6
  4 1
6 6
  4 5
8 6
  7 0
8 6
  7 1
8 6
  7 5
9 6
  7 0
9 6
  7 1
9 6
  7 5
12 6
  11 0
12 6
  11 1
12 6
  11 5
13 6
  11 0
13 6
  11 1
13 6
  11 5
16 6
  15 0
16 6
  15 1
16 6
  15 5
17 6
  15 0
17 6
  15 1
17 6
  15 5
20 6
  19 0
20 6
  19 1
20 6
  19 5
21 6
  19 0
21 6
  19 1
21 6
  19 5
24 6
  23 0
24 6
  23 1
24 6
  23 5
25 6
  23 0
25 6
  23 1
25 6
  23 5
28 6
  27 0
28 6
  27 1
28 6
  27 5
29 6
  27 0
29 6
  27 1
29 6
  27 5
32 6
  31 0
32 6
  31 1
32 6
  31 5
33 6
  31 0
33 6
  31 1
33 6
  31 5
36 6
  35 0
36 6
  35 1
36 6
  35 5
37 6
  35 0
37 6
  35 1
37 6
  35 5
40 6
  39 0
40 6
  39 1
40 6
  39 5
41 6
  39 0
41 6
  39 1
41 6
  39 5
44 6
  43 0
44 6
  43 1
44 6
  43 5
45 6
  43 0
45 6
  43 1
45 6
  43 5
47 6
  46 0
47 6
  46 1
47 6
  46 5
48 6
  46 0
48 6
  46 1
48 6
  46 5
50 6
  49 0
50 6
  49 1
50 6
  49 5
51 6
  49 0
51 6
  49 1
51 6
  49 5
CONCENTRATED LOADS                     : (NUMBER), NODE, DIRECTION, VALUE
14
1 1 -780000
4 1 -780000
7 1 -780000
11 1 -780000
15 1 -780000
19 1 -780000
23 1 -780000
27 1 -780000
31 1 -780000
35 1 -780000
39 1 -780000
43 1 -780000
46 1 -780000
49 1 -780000
